99 29 44 47 1 29 20 98 63 25 36 32 31 34 76 27 52 71 96 58 58 46 55 96 59 71 91 68 90 4 17 42 88 0 86 79 34 84 57 82 8 73 60 20 39 29 66 60 31 80 93 18 18 94 46 34 16 43 85 79 39 61 99 67 48 36 20 76 32 90 62 19 35 55 36 32 36 38 11 49 44 94 54 33 2 16 52 19 33 4 2 47 78 76 54 87 20 20 29 34 
11 59 96 95 22 0 80 94 49 16 63 51 46 83 74 50 77 6 97 25 30 59 82 55 83 28 89 39 87 0 76 99 60 89 41 38 82 95 80 49 37 30 9 81 93 42 23 78 65 17 21 11 32 44 67 56 14 88 74 57 90 37 67 60 1 2 91 71 44 51 26 52 11 82 25 9 58 25 99 16 48 77 14 6 38 26 22 12 39 67 35 55 84 34 66 36 99 2 59 97 
49 6 61 64 31 14 95 80 44 62 70 39 75 94 87 30 86 59 71 99 48 76 75 0 63 70 75 9 63 75 75 23 92 22 84 85 40 52 0 33 97 1 82 20 92 66 56 41 19 67 85 21 41 97 32 10 12 31 77 99 54 6 52 13 35 56 89 89 62 67 52 70 40 83 61 80 53 13 90 66 96 30 38 70 83 94 16 38 98 49 80 82 98 73 53 36 7 29 48 41 
5 72 47 48 30 89 25 89 44 3 53 37 63 70 4 47 39 98 29 48 41 28 27 3 97 26 97 27 10 94 60 22 16 59 80 3 63 58 26 59 79 19 85 73 28 15 27 48 38 68 43 96 21 91 45 86 37 11 79 3 13 19 24 46 22 46 75 50 49 56 84 84 91 82 86 93 43 98 12 18 5 25 15 40 54 59 3 30 34 47 75 89 37 2 87 78 72 19 84 50 
51 14 25 67 61 61 57 39 7 16 33 0 29 74 67 14 30 13 3 63 65 32 48 58 32 46 93 78 7 33 47 42 40 2 12 42 12 9 64 86 27 34 7 23 86 23 70 73 32 65 30 71 61 88 55 65 61 66 6 94 23 7 69 20 22 41 95 29 66 7 49 87 88 44 96 59 80 18 65 29 42 43 86 41 51 65 63 47 16 71 73 8 96 75 17 73 83 89 40 99 
5 83 30 77 26 77 26 64 48 5 53 84 36 2 40 94 47 7 9 98 40 92 91 44 17 16 86 31 69 25 25 25 54 3 9 3 57 96 30 71 89 1 75 80 77 95 0 32 54 96 70 18 14 70 3 42 82 93 19 72 5 72 73 95 6 44 75 0 61 72 11 92 20 41 42 51 1 18 63 30 60 20 94 72 10 97 7 95 16 51 86 35 17 5 92 24 66 72 30 15 
54 80 17 68 74 8 56 46 42 71 91 47 82 24 45 59 23 56 95 78 68 8 13 71 60 62 76 92 98 56 47 24 55 5 33 7 53 14 98 1 77 27 68 2 15 2 16 36 53 18 56 96 86 18 92 0 67 4 86 66 61 99 13 80 32 72 23 22 21 7 55 23 45 22 41 15 8 1 19 13 33 35 45 49 42 46 92 90 32 78 48 66 74 4 4 30 89 54 97 10 
64 32 87 44 8 29 68 34 20 66 29 2 22 85 78 31 69 54 15 59 2 84 60 80 58 81 26 38 55 7 94 40 12 69 56 6 54 64 35 55 98 27 24 43 53 83 78 19 94 59 71 8 46 78 56 4 51 21 9 49 79 61 96 21 37 51 12 31 54 23 44 60 0 4 21 72 43 88 15 55 99 64 73 17 74 10 1 52 95 55 73 48 54 97 55 94 10 67 61 86 
3 32 24 5 72 86 60 18 56 28 72 27 72 19 3 99 51 94 32 29 10 82 25 74 50 33 72 27 28 41 78 80 98 97 73 9 51 22 49 72 52 89 96 1 28 23 53 27 79 53 18 14 91 58 11 25 14 23 41 46 94 2 12 31 48 8 22 68 33 9 62 66 76 8 53 47 3 43 26 34 49 78 28 2 13 3 91 67 15 2 62 89 69 64 91 51 7 65 22 42 
7 23 13 61 38 81 36 68 62 87 58 60 35 32 91 38 85 82 75 69 89 94 26 13 51 96 3 97 5 63 97 72 41 78 71 46 51 87 32 84 66 63 8 63 6 79 50 54 35 17 41 67 11 23 33 0 65 43 18 12 68 31 56 11 54 15 27 7 34 69 70 63 75 16 0 65 82 15 45 57 80 69 52 27 96 90 69 73 59 31 71 5 23 24 97 78 38 97 54 61 
41 91 27 20 83 54 76 75 58 97 76 87 39 5 63 71 74 52 22 8 61 37 12 67 77 5 84 87 74 15 10 89 24 1 82 77 24 24 43 80 59 37 22 81 25 13 16 2 25 58 57 41 40 22 50 2 89 58 45 62 95 67 28 69 25 58 3 10 92 81 92 89 36 62 74 23 95 93 11 44 67 34 76 72 52 50 72 87 15 2 84 24 68 21 28 47 84 2 4 32 
46 69 91 9 76 62 98 45 40 27 8 67 54 60 4 44 4 86 4 99 57 57 54 25 50 35 76 49 54 62 39 80 22 21 86 38 2 5 63 30 87 72 73 13 49 70 70 45 83 48 80 82 10 80 21 12 4 0 99 99 53 75 75 94 82 96 87 68 75 41 18 94 82 90 98 49 11 74 69 30 26 8 64 12 28 13 85 93 44 59 35 71 42 63 4 34 9 76 53 18 
0 90 19 66 34 66 78 31 39 32 74 28 78 7 98 65 3 96 97 40 75 71 74 23 84 92 98 94 36 15 2 64 23 21 82 64 33 81 94 99 67 53 66 72 34 34 93 4 86 69 77 20 91 89 27 25 46 46 82 45 3 97 20 51 42 19 31 55 14 2 56 13 31 96 43 99 6 75 0 78 37 84 32 35 59 33 60 87 2 16 13 39 68 69 9 58 31 50 13 95 
82 24 40 61 67 90 29 19 85 49 71 3 44 14 29 87 78 25 75 7 84 22 92 44 77 41 59 91 63 28 19 80 60 88 38 69 62 23 32 10 32 76 83 81 59 7 44 1 53 7 68 97 0 22 44 60 17 82 55 92 6 41 81 40 32 82 26 3 99 16 64 24 32 62 29 89 58 87 78 55 42 70 6 38 3 50 43 0 96 51 5 93 73 79 37 53 89 95 31 54 
23 93 61 43 34 23 78 75 63 66 15 12 51 99 90 2 75 20 97 85 7 94 44 60 27 56 26 98 25 36 9 3 55 83 80 84 79 2 50 19 16 30 0 20 88 60 72 71 42 49 30 94 12 48 51 44 68 60 11 63 27 26 18 64 99 43 28 2 90 9 90 54 86 52 45 41 85 20 59 55 88 19 27 75 56 63 0 53 92 21 8 73 3 37 43 97 47 72 57 37 
70 76 80 97 3 55 79 12 95 85 81 67 48 99 42 31 50 63 91 56 62 39 39 92 17 6 55 28 51 34 87 32 53 87 95 82 1 80 95 14 35 56 16 32 68 66 94 20 16 15 73 36 82 53 86 55 68 50 9 2 96 77 19 71 59 23 8 80 93 46 50 74 65 79 3 80 26 44 4 40 19 72 9 49 38 81 54 50 12 6 57 66 25 71 75 11 80 86 89 59 
8 13 86 82 36 39 67 73 52 55 84 47 43 84 60 93 52 40 1 74 55 96 86 39 65 58 79 85 20 68 98 32 1 15 59 2 65 82 98 4 89 50 56 33 71 65 19 82 31 90 20 54 96 11 69 49 73 69 15 7 41 16 51 53 20 31 4 72 80 52 28 56 41 57 26 82 44 9 44 30 74 52 1 55 11 41 98 67 42 71 14 84 74 92 46 21 58 65 82 84 
11 42 79 12 60 34 47 61 93 30 68 63 18 54 75 35 60 94 88 14 43 36 24 37 23 52 92 23 87 26 15 74 16 67 36 50 8 79 89 80 29 95 4 76 95 32 6 40 43 22 83 57 76 93 97 70 69 53 73 82 0 40 32 27 13 67 23 27 83 69 42 12 74 92 99 8 10 86 76 72 4 50 16 50 86 75 0 96 65 81 7 30 37 48 61 13 94 63 76 56 
97 56 68 26 26 68 75 40 82 67 24 25 63 22 29 62 43 44 59 20 77 30 58 14 11 14 5 43 21 91 74 65 19 23 14 31 7 85 81 47 97 52 18 66 6 32 85 61 63 28 64 21 18 96 15 70 40 47 98 77 7 83 95 96 36 72 49 18 53 95 1 85 44 78 63 38 9 86 12 67 88 83 82 5 16 65 94 86 9 55 14 0 16 88 17 25 33 46 76 26 
31 89 95 9 80 99 50 94 65 31 69 63 10 7 79 40 23 53 68 3 32 91 86 74 33 16 64 48 37 94 77 73 76 80 47 49 32 23 12 50 90 0 20 22 75 35 7 44 71 7 76 72 11 1 31 45 27 84 27 16 23 3 96 41 18 80 72 55 52 84 49 42 35 14 73 49 24 31 47 99 27 39 11 5 25 52 95 34 89 0 38 66 63 41 99 98 15 79 75 88 
67 63 26 1 92 60 39 79 69 4 59 49 7 50 71 9 89 28 88 32 95 36 17 95 13 51 61 49 47 3 35 53 90 19 92 75 8 93 61 36 66 61 34 66 18 70 75 2 90 22 22 32 78 40 32 88 8 38 97 76 93 54 55 24 50 38 97 4 65 35 53 40 56 30 64 91 18 60 89 56 85 44 11 60 92 4 35 74 70 62 51 73 86 33 28 69 98 74 38 95 
8 96 76 30 70 2 54 96 82 39 44 60 22 45 24 95 12 22 71 4 14 32 40 63 8 6 75 71 54 38 38 29 44 5 99 28 47 15 39 4 94 16 13 73 55 90 29 27 12 45 44 29 94 32 36 53 76 8 43 44 56 71 37 45 62 99 60 20 61 14 95 37 39 67 31 22 47 72 13 29 75 1 77 92 23 34 17 63 29 86 82 41 37 5 84 47 53 55 10 69 
58 20 16 38 10 64 25 5 39 41 50 56 47 79 91 49 75 56 61 45 7 26 13 66 45 64 65 95 66 73 88 62 60 30 57 3 23 96 89 82 17 60 38 42 17 60 17 54 91 59 63 23 54 50 19 24 36 9 36 8 38 21 17 57 86 83 89 83 21 87 2 69 65 26 98 47 12 88 59 99 44 49 86 89 89 59 54 68 94 19 68 81 49 69 39 13 48 32 22 83 
11 41 14 26 77 21 88 98 84 69 39 86 33 57 37 94 3 23 38 75 40 56 92 35 75 13 32 9 51 90 91 34 17 27 92 43 87 62 80 68 61 10 6 33 88 18 39 48 22 90 57 93 90 0 21 63 24 28 25 50 76 37 50 56 37 72 91 10 74 40 23 89 80 1 17 66 13 37 62 80 70 25 12 40 64 19 98 0 9 36 74 43 45 81 52 19 43 55 26 14 
85 67 99 13 78 26 22 68 17 17 60 40 69 20 35 41 16 79 43 68 39 43 92 51 54 1 75 13 66 1 82 74 69 63 73 92 46 77 78 63 59 40 40 50 53 1 78 0 37 2 80 39 50 64 6 96 50 84 78 73 47 32 62 5 58 51 76 44 97 0 69 34 85 69 74 32 84 35 64 63 74 84 96 39 69 36 68 90 75 24 85 1 13 16 48 76 79 58 34 68 
64 23 74 30 75 95 48 67 81 72 75 69 50 25 85 45 98 77 43 74 83 45 7 17 9 55 52 16 42 29 23 50 50 46 97 71 24 48 87 72 87 80 94 37 91 46 43 1 74 69 94 28 70 30 67 34 23 24 18 29 29 0 27 24 2 68 26 53 42 42 34 12 93 36 29 72 23 38 24 44 34 39 56 96 64 41 35 37 29 35 7 73 65 9 13 83 19 90 60 91 
9 68 86 77 93 77 42 40 17 98 50 41 20 25 51 58 90 7 93 0 51 27 14 25 15 26 20 63 9 1 24 38 69 31 92 55 27 42 83 77 58 61 68 41 67 42 49 6 84 54 78 99 82 45 97 60 58 39 52 97 49 82 74 99 17 14 23 23 22 66 10 69 77 11 83 18 42 1 93 9 65 96 29 78 53 99 56 21 68 35 82 92 31 63 91 1 53 70 70 29 
2 90 38 84 32 1 99 48 55 72 53 5 35 25 25 49 96 82 91 22 86 75 20 87 47 6 42 73 66 47 68 63 66 86 28 85 82 32 11 81 87 18 2 57 57 16 7 67 90 71 76 46 92 11 84 40 98 46 70 58 44 67 39 50 84 17 67 40 45 67 74 26 21 85 97 95 15 19 59 9 2 6 14 0 90 87 57 22 38 35 37 58 52 42 95 13 16 45 89 21 
4 8 79 28 32 32 60 89 55 7 7 56 2 72 4 95 84 88 56 66 21 33 97 20 28 31 87 8 19 40 94 51 47 65 1 54 6 36 33 49 3 54 95 8 36 13 93 80 95 69 20 99 82 11 21 47 15 92 61 26 72 71 18 22 66 19 57 51 79 42 32 65 36 77 32 34 31 98 89 17 80 7 76 89 33 84 0 64 0 27 17 14 12 54 25 33 97 47 3 21 
84 83 1 18 45 23 3 10 57 58 24 0 72 48 87 45 18 64 19 32 47 1 77 65 12 48 53 8 22 60 83 61 31 48 93 72 35 19 36 80 17 37 85 82 59 7 25 37 20 65 71 88 64 56 11 2 50 2 60 25 67 14 83 17 97 43 94 30 27 20 41 53 67 53 27 5 74 2 71 87 91 37 30 54 32 16 46 76 16 2 39 91 19 50 50 90 32 46 8 50 
49 59 27 13 42 55 84 49 2 47 82 8 44 10 79 56 87 40 98 49 4 97 24 35 45 43 85 58 18 86 78 23 65 7 96 96 54 98 93 84 5 50 81 6 72 97 22 11 23 77 63 99 80 16 20 50 56 94 89 70 21 88 94 63 41 37 83 27 85 11 38 81 94 29 84 92 84 52 9 3 98 15 41 71 79 78 83 26 89 9 37 86 46 40 68 60 18 62 34 60 
59 31 81 52 79 42 64 17 75 2 49 71 37 72 70 7 47 12 84 1 42 39 37 39 55 61 79 95 94 8 49 59 93 62 93 14 71 7 96 46 8 31 84 0 37 85 38 30 80 46 90 88 86 33 69 28 71 54 42 58 84 9 5 57 73 32 76 51 53 2 26 12 11 11 21 40 75 41 68 88 44 49 4 29 3 44 59 18 42 2 31 70 24 20 84 79 45 86 52 91 
32 17 18 95 17 20 56 68 33 18 94 19 69 86 49 64 6 79 73 67 78 97 64 15 8 16 11 49 93 85 25 96 79 40 7 68 82 39 86 11 38 40 57 37 33 46 62 92 32 69 13 78 13 10 94 39 29 38 23 47 85 72 35 49 4 37 51 20 37 96 34 9 28 18 58 91 98 81 63 83 89 47 64 30 77 62 78 39 68 77 59 36 64 36 91 11 70 80 43 24 
12 5 52 82 78 54 95 10 12 51 89 32 31 24 40 86 82 83 74 80 53 38 85 80 16 44 2 37 85 24 42 0 82 39 45 47 67 1 82 75 68 82 41 17 1 49 40 54 73 66 34 61 61 1 66 41 80 86 55 78 74 74 61 92 88 44 51 37 48 57 78 44 37 83 60 74 25 22 61 64 15 74 7 34 46 14 53 36 79 81 88 22 87 30 39 69 94 83 20 97 
38 73 10 80 0 93 99 24 8 78 33 61 85 25 70 56 0 26 42 10 4 7 70 86 11 90 85 47 3 60 1 51 46 60 1 41 92 68 35 78 91 44 69 24 74 55 82 86 48 11 1 66 32 41 96 35 94 31 29 83 3 46 60 98 0 57 71 8 57 68 25 84 36 16 96 65 74 13 24 13 96 45 91 6 26 60 32 56 13 77 19 67 78 15 13 17 42 26 26 54 
10 36 94 27 38 17 6 58 41 71 87 23 85 2 14 40 98 91 2 79 75 47 4 46 85 42 76 28 95 35 84 3 35 49 95 88 92 45 49 3 62 7 7 44 10 99 15 47 61 1 89 51 93 18 27 34 9 47 85 95 16 49 53 15 58 3 45 86 94 2 63 85 52 33 20 85 57 57 41 81 80 11 49 46 78 18 31 96 78 18 43 18 93 48 65 89 37 29 42 17 
62 57 31 16 22 68 89 49 56 48 43 53 51 58 84 6 25 83 4 43 56 22 35 55 23 15 17 95 38 77 41 51 47 25 29 38 13 71 54 5 70 38 95 66 42 83 30 58 31 15 22 44 81 24 63 74 60 74 52 2 39 86 2 62 66 23 30 88 85 40 42 27 71 71 11 24 5 46 43 71 72 8 23 96 3 39 70 95 64 87 20 21 61 20 87 70 17 50 10 99 
89 1 12 70 47 77 85 65 95 43 27 56 47 64 3 80 58 38 43 92 20 70 75 76 92 58 4 7 23 39 81 83 49 55 69 82 38 72 97 46 31 17 80 74 43 19 81 52 21 88 91 17 90 3 30 17 95 95 56 3 67 9 3 52 69 93 76 58 1 59 64 1 43 0 85 13 45 34 11 6 60 38 90 94 8 86 53 11 20 21 69 7 3 71 53 63 8 31 29 20 
10 32 19 82 40 24 25 57 44 56 73 62 92 90 48 74 76 93 10 60 57 86 84 9 48 27 53 18 32 23 5 73 22 36 35 25 61 72 96 89 84 34 92 79 94 93 95 77 39 36 15 32 22 3 29 72 17 87 67 85 77 99 14 59 86 89 47 10 86 61 19 69 78 59 65 45 66 83 37 24 15 22 95 7 43 5 37 89 20 0 12 3 47 24 13 97 60 44 57 62 
50 44 12 30 87 7 42 93 22 23 58 38 66 71 15 73 52 83 38 72 15 83 1 24 58 67 9 97 97 11 23 90 67 59 89 91 31 68 50 17 44 0 22 10 70 0 48 27 65 43 38 26 76 95 83 82 66 33 45 11 26 32 64 21 46 71 88 92 7 83 87 24 43 44 96 76 87 71 99 31 35 34 94 74 71 29 53 8 14 77 1 17 85 80 74 90 18 90 94 9 
19 21 19 43 49 18 29 1 66 9 40 87 94 26 11 46 53 97 46 41 93 54 85 35 88 72 40 67 94 58 40 62 9 82 4 41 66 68 9 30 34 5 54 93 20 59 91 34 16 91 77 31 74 34 21 48 24 2 5 78 4 98 27 41 33 24 10 0 34 65 77 85 10 4 93 82 14 66 11 37 63 69 31 92 26 10 78 71 10 48 15 58 32 61 98 92 43 47 60 42 
41 91 14 29 56 55 20 70 6 68 5 44 65 52 21 78 55 3 43 34 36 61 58 96 2 92 84 90 97 63 16 0 86 8 66 22 67 44 95 4 82 55 34 21 73 58 43 27 23 65 82 63 7 32 31 6 64 0 25 26 21 58 94 36 14 57 24 64 45 78 70 27 30 41 16 11 26 61 84 63 28 56 0 58 94 71 71 77 97 59 97 58 49 97 38 89 95 93 49 39 
81 13 25 56 96 63 31 55 40 50 72 40 23 49 98 98 45 92 96 45 5 42 75 98 73 12 67 96 66 29 7 19 92 9 45 53 24 33 89 10 85 95 58 21 27 13 62 19 42 89 73 95 30 95 10 6 66 71 86 55 73 3 23 46 85 19 63 49 34 86 13 36 52 76 74 0 69 83 22 57 23 89 42 16 50 50 15 71 62 59 18 40 51 70 71 38 47 86 82 71 
6 47 44 72 46 33 10 5 65 55 51 83 18 47 24 6 36 39 79 56 96 94 78 66 11 48 10 16 10 25 96 4 67 98 9 56 87 98 98 21 27 93 7 95 22 58 91 67 27 41 27 34 17 75 16 46 56 67 7 94 26 54 68 92 23 8 77 85 37 31 16 83 59 5 12 48 86 90 6 21 58 30 54 3 2 84 44 30 67 39 47 90 43 60 53 66 48 77 72 47 
31 87 36 25 24 76 74 65 24 47 79 61 51 59 3 29 63 33 89 53 71 62 89 73 35 14 17 96 21 36 92 56 51 11 10 85 96 19 14 32 13 87 5 56 29 26 69 19 68 41 37 24 77 17 7 90 3 52 21 78 18 16 87 12 68 45 51 29 31 75 20 36 30 9 20 78 36 50 91 48 20 10 25 57 94 27 28 33 43 59 47 96 77 46 16 77 91 33 21 65 
23 2 5 19 97 43 5 13 27 1 62 75 82 97 31 37 9 65 89 1 36 75 16 84 10 78 10 82 70 93 85 64 92 1 73 88 29 10 19 85 35 7 50 20 43 40 86 29 72 19 63 43 30 24 82 32 39 6 34 22 91 72 92 43 7 71 53 56 14 65 22 78 9 26 19 15 80 86 56 69 27 0 69 36 21 90 33 6 70 86 37 33 32 65 50 46 16 55 11 74 
48 87 40 5 7 0 21 39 6 54 6 0 64 38 70 82 64 0 26 17 64 13 25 1 37 29 57 47 17 96 64 42 67 54 26 47 95 97 57 0 18 71 74 96 93 45 24 16 34 48 74 30 32 62 22 43 75 35 87 29 54 12 9 9 75 54 20 66 8 12 54 16 55 84 78 87 4 66 46 52 9 8 90 99 12 72 22 99 19 58 64 33 88 76 48 59 50 93 78 99 
13 5 53 14 12 56 39 38 52 13 37 57 22 31 14 23 29 36 81 50 19 31 30 13 79 82 2 48 10 60 17 6 18 2 97 17 42 24 16 52 68 16 79 72 89 82 86 11 80 53 8 56 18 93 6 34 53 84 37 48 84 71 10 82 15 7 45 70 21 23 7 15 82 8 60 69 72 79 0 10 88 30 96 94 76 1 99 44 84 41 91 20 93 80 46 94 58 56 45 98 
46 74 66 13 8 79 88 68 68 10 83 43 23 94 88 23 58 98 91 30 51 97 81 82 82 55 46 58 38 9 6 31 62 75 15 91 38 60 69 42 90 90 76 93 41 98 86 58 74 44 14 87 3 81 67 4 52 99 1 25 42 51 41 27 90 79 73 50 68 40 84 63 21 66 15 61 60 48 43 2 49 76 26 52 21 51 37 24 54 93 89 68 39 36 88 27 81 77 15 34 
58 38 99 5 96 33 55 0 16 1 95 47 86 4 55 71 21 1 67 35 68 57 26 49 83 68 56 28 99 76 36 22 89 17 63 35 42 64 76 50 58 37 13 5 41 78 85 9 68 15 44 83 32 98 71 11 65 38 74 30 98 21 0 24 94 31 73 28 12 29 67 70 95 56 88 53 19 51 7 9 77 79 71 56 17 37 29 18 98 99 82 45 19 81 31 18 49 48 77 11 
83 92 98 53 71 79 37 86 8 77 91 37 66 26 47 84 40 89 25 84 33 36 79 96 0 50 55 55 77 94 42 38 79 58 86 57 62 62 69 26 24 47 69 8 62 10 11 15 84 81 59 63 89 15 5 20 74 71 7 22 95 15 54 5 77 70 25 65 84 98 95 27 58 78 66 4 39 92 74 25 89 95 4 51 76 47 98 14 31 15 60 60 58 5 7 52 34 61 56 17 
79 72 57 30 88 51 60 47 26 45 65 51 95 69 51 21 1 21 89 21 99 87 29 18 6 39 84 63 77 49 44 52 57 7 54 47 2 38 26 5 20 19 4 48 45 57 8 19 7 97 51 90 41 40 9 40 32 99 28 8 24 29 70 12 70 83 89 14 81 18 73 17 5 64 3 94 57 42 0 14 98 4 10 32 90 6 65 81 97 21 2 73 53 34 24 86 68 10 42 86 
4 97 88 28 3 82 60 28 69 43 51 28 49 93 3 33 94 50 82 49 22 12 86 2 28 78 35 48 41 6 42 93 33 73 73 57 99 38 85 15 77 70 35 18 67 92 2 20 74 51 80 44 0 92 7 75 79 43 0 13 83 30 94 67 2 81 52 4 22 40 33 66 87 85 99 35 53 85 53 5 36 93 31 43 60 76 93 92 77 24 43 75 41 39 20 45 10 40 39 79 
26 20 63 36 54 47 52 78 2 64 61 9 12 97 70 57 3 26 9 7 95 83 11 54 25 21 11 21 81 1 88 1 95 35 24 95 35 91 39 49 78 86 58 18 37 25 54 54 91 67 10 72 74 2 14 32 36 77 92 77 95 39 17 98 96 98 49 58 23 69 50 15 44 93 44 49 97 94 46 37 40 90 82 90 87 74 87 66 2 62 37 69 19 88 16 82 61 22 12 74 
82 40 27 14 5 29 97 19 64 36 44 45 90 70 31 42 54 0 96 99 13 66 83 17 84 10 28 67 18 36 84 50 67 29 18 59 0 7 32 36 6 19 69 13 65 87 23 11 43 24 28 11 32 34 23 91 32 8 16 93 89 51 24 12 32 75 83 75 94 45 15 23 16 53 81 70 76 4 5 97 79 49 39 7 38 41 1 94 54 39 22 90 33 82 33 65 32 53 60 1 
14 79 72 49 76 9 31 9 81 46 96 38 66 99 16 28 37 12 32 79 8 24 39 39 0 39 55 80 7 63 92 67 88 9 81 82 34 22 25 71 1 20 69 9 76 69 57 28 4 91 23 72 47 10 8 40 98 61 4 34 58 91 73 33 94 80 19 3 66 96 55 23 53 46 58 94 13 84 0 83 86 81 26 6 35 85 41 41 49 98 93 61 47 37 91 16 99 88 93 23 
91 56 8 90 6 54 1 15 85 93 30 62 39 61 10 92 55 18 37 96 76 9 32 69 58 0 14 23 39 23 74 0 9 38 80 34 18 52 88 58 7 54 48 14 16 83 56 13 33 36 2 85 34 48 18 64 67 61 84 6 38 19 53 32 64 11 4 10 46 44 57 5 54 58 95 34 66 48 15 75 80 11 63 12 51 7 54 1 28 24 46 61 16 66 12 8 63 39 1 60 
18 37 90 50 38 54 85 84 2 83 59 80 15 55 32 67 69 63 55 78 10 84 27 12 57 20 64 54 62 81 64 57 87 91 75 13 82 24 81 11 30 81 37 1 16 51 34 50 61 6 97 57 35 20 88 15 51 31 42 85 51 12 99 6 84 7 34 82 22 10 30 53 72 90 79 70 66 41 9 78 4 6 22 82 42 66 1 72 35 61 34 54 22 93 40 89 57 83 38 6 
36 86 60 83 97 82 21 82 47 11 65 51 31 62 28 77 93 27 81 14 44 3 97 69 2 18 42 96 74 24 23 94 70 9 85 85 22 83 47 26 18 66 95 50 53 7 74 85 30 5 13 36 30 68 20 17 21 31 84 1 11 52 84 31 61 82 69 11 97 91 64 54 85 7 30 38 37 36 60 41 50 33 53 38 6 34 69 19 20 16 41 17 20 82 4 17 57 66 92 83 
4 81 45 84 4 3 61 66 72 31 93 98 4 83 93 99 13 12 20 50 32 25 83 87 12 35 4 84 42 20 9 92 72 71 44 52 10 51 82 78 20 30 35 29 26 12 49 21 94 94 85 30 35 41 43 24 56 61 72 72 56 42 55 8 64 75 68 39 84 60 69 51 80 18 88 53 50 12 79 42 61 5 79 7 70 65 24 62 58 20 29 15 96 86 66 99 66 9 47 31 
72 94 42 42 74 42 60 41 8 81 89 53 81 37 39 21 67 70 78 32 27 23 41 27 17 90 11 38 45 33 5 9 27 1 82 76 61 59 17 36 8 47 0 2 29 99 81 60 70 71 52 38 35 74 61 65 75 97 91 66 53 91 99 4 22 66 83 74 16 72 20 89 53 82 65 40 73 75 37 34 24 19 65 27 31 74 60 69 59 35 38 0 36 41 79 7 67 28 76 37 
30 12 41 91 65 95 33 59 34 65 55 8 57 96 2 73 17 13 86 71 14 27 3 21 67 66 25 47 53 83 83 24 31 15 2 18 26 36 61 84 55 83 22 13 52 11 40 42 10 12 19 78 26 67 6 67 86 30 97 40 46 82 98 96 34 24 21 20 16 71 89 83 31 73 69 53 10 95 73 0 44 72 94 29 19 99 92 54 96 9 35 50 48 6 30 47 14 63 45 59 
39 51 59 43 19 53 51 22 8 45 75 1 18 60 49 58 56 73 35 71 92 56 40 96 57 0 13 36 76 0 58 38 92 16 30 29 78 71 49 60 92 87 70 85 43 85 37 56 98 39 91 91 71 25 90 0 59 19 37 80 52 9 65 96 52 22 8 56 80 77 13 56 14 97 44 12 41 90 45 23 42 5 46 86 47 97 83 56 27 34 42 65 93 10 67 36 88 76 6 11 
68 42 18 39 21 87 93 8 15 62 65 84 21 27 6 44 63 34 40 70 15 44 63 33 12 19 51 44 52 96 57 35 61 62 70 63 68 89 87 44 11 21 60 73 5 30 24 42 14 98 18 56 25 97 1 20 87 95 39 89 7 89 0 2 91 57 13 32 63 37 68 35 57 74 89 59 88 69 52 91 85 9 57 11 20 50 6 19 30 98 57 83 48 37 69 88 8 53 78 45 
25 42 8 21 70 13 87 66 62 31 59 46 19 33 53 37 31 34 99 29 29 92 34 53 90 20 79 0 65 82 62 76 69 46 15 33 61 74 66 81 86 15 43 43 52 20 10 53 90 15 44 83 36 98 94 41 5 50 8 21 67 17 36 98 60 29 94 88 93 9 42 7 93 71 66 29 33 6 52 87 78 83 89 41 11 38 56 23 8 72 25 48 14 83 21 35 87 81 94 3 
71 96 86 74 62 36 68 0 62 50 38 11 11 78 12 82 55 88 44 52 81 77 78 33 52 50 89 18 35 56 43 66 69 7 24 79 68 17 60 44 30 85 47 51 57 59 62 37 95 87 19 48 35 0 75 71 57 41 11 7 25 32 28 14 13 33 65 23 42 86 96 75 30 7 42 53 29 47 73 23 76 19 23 3 23 19 14 50 68 47 57 4 22 86 1 38 12 58 10 45 
9 81 68 16 65 5 45 8 6 81 93 34 86 63 75 9 86 63 48 34 68 59 40 87 29 30 57 36 9 63 4 75 69 4 60 39 95 71 52 29 65 94 23 42 21 34 75 66 9 75 76 95 92 42 82 88 85 31 43 81 63 19 24 96 13 56 97 30 18 53 43 1 49 88 95 34 5 18 78 93 40 93 99 59 18 21 92 63 80 96 82 13 29 48 45 88 23 65 6 93 
44 65 75 62 70 68 49 74 47 14 51 54 13 88 97 37 26 3 69 38 89 34 47 51 34 80 9 65 49 26 30 98 86 36 64 88 14 35 8 86 65 45 31 65 3 76 52 40 99 91 71 88 23 74 23 92 17 22 41 37 15 91 93 3 33 64 32 56 16 7 14 41 27 52 19 72 92 35 27 7 45 91 92 23 8 3 95 44 89 23 7 77 39 51 33 89 32 33 21 48 
37 1 29 78 63 44 42 43 92 25 66 49 59 23 0 57 70 88 51 26 15 29 86 88 76 25 37 23 14 1 6 93 11 52 92 29 80 7 21 27 55 35 58 43 88 9 75 31 31 58 31 95 38 26 58 31 40 17 63 90 47 59 23 75 61 6 38 57 12 47 22 16 47 3 61 60 71 23 40 18 87 54 83 46 38 32 47 51 27 47 55 42 60 22 22 18 21 25 46 91 
98 16 80 2 48 28 86 82 87 95 17 44 19 64 87 6 30 70 0 17 45 27 74 39 44 91 72 84 41 33 99 11 8 7 74 3 82 40 87 28 26 9 20 29 7 29 49 13 96 73 66 28 46 36 76 6 48 25 70 53 33 56 59 28 2 76 23 59 69 2 31 43 36 71 46 52 46 17 39 29 68 75 49 1 81 54 85 12 60 45 13 45 99 47 20 67 82 23 64 87 
89 43 86 38 10 31 74 38 40 41 68 95 29 24 44 75 60 37 22 0 26 90 27 95 12 21 0 7 90 20 52 19 16 41 23 70 60 4 70 7 60 49 85 50 68 43 75 70 84 93 48 92 22 88 40 61 40 21 30 8 6 44 52 69 42 26 81 42 85 61 57 39 83 75 87 50 31 24 74 23 79 16 61 45 52 50 44 41 60 46 98 40 13 43 48 15 24 72 89 45 
0 30 44 69 47 86 97 28 0 72 95 70 76 12 15 39 54 1 41 28 20 48 66 37 74 68 32 23 88 79 79 54 56 88 9 51 3 55 60 76 70 56 24 34 49 66 45 91 42 96 71 26 9 89 72 78 90 33 20 24 78 26 70 38 99 7 65 4 68 46 9 50 50 58 81 89 56 15 96 68 44 36 42 0 56 14 84 11 60 49 40 67 58 89 60 81 93 21 49 18 
7 44 16 97 80 17 91 67 12 80 92 7 4 59 84 4 78 82 71 11 71 77 77 25 56 42 49 72 94 71 71 45 45 70 65 18 16 85 60 50 30 5 35 46 74 26 33 81 27 12 78 46 2 48 48 53 70 21 49 44 98 42 18 91 84 37 14 92 95 74 68 41 87 83 2 63 18 67 41 99 45 31 40 28 85 62 93 33 70 93 71 17 87 14 87 90 93 70 85 12 
29 61 91 79 11 4 60 72 35 47 13 30 24 15 20 22 94 70 86 20 68 59 67 11 37 57 18 80 76 82 8 70 61 99 66 3 10 29 47 56 59 12 48 24 22 20 87 6 39 96 54 31 20 63 5 2 20 71 6 8 83 31 70 20 91 67 65 8 93 42 30 74 28 84 19 87 93 56 83 19 47 89 3 65 90 85 96 0 68 70 51 54 34 71 85 57 98 52 50 70 
24 41 50 51 80 94 20 67 37 23 32 65 55 65 88 16 85 93 68 16 86 12 93 87 64 12 94 46 73 64 98 89 82 99 43 69 46 29 15 54 11 36 83 38 81 11 13 43 72 28 66 52 31 77 61 15 11 17 17 7 90 70 57 51 8 12 92 33 60 80 29 1 67 52 6 20 65 40 85 2 83 28 25 63 89 70 77 16 6 30 22 55 97 53 56 75 42 63 88 37 
14 12 96 56 28 46 94 71 87 10 49 53 24 4 68 40 93 47 67 7 61 80 32 88 32 60 77 43 38 90 53 32 19 10 99 38 24 86 74 87 40 80 98 11 41 7 99 42 90 92 61 5 54 14 63 16 79 38 40 39 62 92 38 45 26 70 26 85 22 2 13 83 83 87 42 62 29 51 50 94 21 0 46 58 60 40 61 20 32 22 26 52 95 18 16 27 87 94 90 97 
52 31 30 90 31 90 25 88 35 41 78 97 4 9 77 27 67 75 20 72 20 37 62 67 99 6 48 19 68 87 80 13 64 96 78 72 7 74 53 11 58 43 18 92 82 11 86 90 60 68 39 87 93 8 55 67 64 53 30 51 79 98 6 48 30 79 78 65 96 80 95 72 0 51 32 10 55 44 66 41 95 44 16 56 81 99 57 57 13 11 52 95 15 63 54 87 30 43 84 72 
89 8 9 57 76 97 82 3 20 10 19 99 58 88 40 64 47 83 20 16 84 28 32 42 22 71 15 12 33 9 67 97 17 84 27 85 39 1 78 9 88 78 13 59 84 83 47 79 27 66 96 92 2 98 72 80 20 49 31 21 80 2 20 21 73 52 29 85 17 42 21 93 18 64 36 88 54 47 99 73 50 64 9 45 85 17 34 2 24 51 19 97 99 3 78 97 29 4 96 46 
44 32 32 80 24 52 57 54 52 12 5 7 73 61 54 0 80 18 29 8 61 74 12 37 40 28 64 0 4 82 42 14 61 6 52 17 37 18 86 41 82 49 95 88 83 75 47 19 38 95 9 40 49 22 88 58 64 66 36 38 43 87 40 42 2 61 17 39 89 15 4 46 98 0 45 17 1 90 11 44 8 83 24 76 28 28 0 31 98 78 19 70 10 83 32 13 54 97 28 24 
40 78 59 49 62 88 2 79 16 71 26 2 94 87 59 5 61 24 21 8 56 51 85 74 70 53 66 80 79 97 33 25 68 13 72 81 51 93 42 50 72 13 29 51 7 89 98 46 83 70 93 10 96 64 43 63 68 97 85 47 2 37 81 40 26 87 27 46 35 13 89 87 52 37 46 87 17 54 79 33 34 26 37 80 19 53 60 65 44 79 28 4 39 24 50 29 27 51 98 35 
51 6 55 96 79 32 30 43 52 8 99 51 74 5 42 14 61 62 35 2 71 9 36 1 82 26 90 5 68 68 46 36 44 16 71 31 98 38 90 39 28 87 97 57 35 80 75 8 57 91 4 38 71 44 36 76 2 0 8 36 32 61 85 5 64 86 49 69 89 14 9 84 44 68 1 47 31 19 67 8 29 50 23 19 51 81 4 45 65 30 43 6 66 79 87 49 4 14 64 16 
32 59 49 84 7 78 43 4 95 25 78 74 56 13 28 39 63 32 74 87 98 0 57 69 41 68 42 0 50 57 92 47 0 82 46 39 28 50 82 99 26 48 69 47 11 10 42 74 5 29 95 21 60 12 3 25 2 97 81 24 69 61 41 95 45 48 18 25 7 56 39 77 66 21 80 91 97 20 8 33 4 88 92 80 35 52 38 64 65 41 20 9 20 77 6 1 35 46 31 97 
17 34 72 50 78 79 99 89 38 9 10 88 49 31 3 54 95 73 23 7 22 45 86 9 96 38 37 71 64 81 5 5 10 18 1 3 74 48 98 29 26 86 66 91 13 90 2 32 50 97 60 62 68 24 79 23 50 27 34 41 86 79 57 11 13 68 67 1 38 60 25 17 32 83 28 78 47 45 29 21 85 77 4 5 3 92 37 61 79 74 5 26 54 30 20 57 73 81 2 43 
48 47 48 44 12 31 55 42 95 93 46 85 14 56 54 87 95 91 67 81 47 58 81 0 35 17 61 26 3 72 74 33 5 93 83 31 28 60 38 80 12 90 72 53 23 8 80 95 68 75 60 25 99 17 43 23 96 48 66 70 3 18 80 10 88 50 60 37 28 87 22 89 33 1 4 50 4 22 32 7 6 42 2 47 77 29 23 12 6 18 47 56 80 71 93 84 34 64 24 28 
61 63 23 4 65 25 53 8 33 52 90 79 23 12 73 12 72 46 37 16 88 2 10 73 45 85 41 92 85 83 52 84 2 72 4 21 15 58 41 82 73 52 78 18 74 6 88 26 5 54 24 91 40 0 43 12 18 35 3 77 8 42 92 32 54 59 66 50 67 15 97 16 47 21 44 50 32 62 68 28 83 31 90 68 71 56 22 50 28 92 1 41 3 35 98 37 14 27 26 86 
39 65 82 33 11 49 94 40 75 23 66 49 44 20 93 19 15 16 92 45 97 21 51 28 20 9 20 74 57 79 88 30 90 20 40 51 61 49 2 77 25 80 17 28 15 4 67 47 67 7 42 33 33 88 6 73 65 62 64 2 23 95 34 3 56 71 20 66 28 89 12 88 89 74 79 86 25 47 9 92 54 89 63 10 54 26 96 16 4 95 51 62 70 42 39 98 46 29 53 8 
3 55 56 48 64 29 51 79 22 1 28 59 23 97 72 24 21 20 77 14 66 98 13 70 83 8 80 67 99 32 53 20 22 82 74 55 43 68 32 88 55 44 68 55 39 26 81 94 83 71 4 61 72 34 13 50 2 78 53 4 83 87 26 30 57 62 51 71 89 64 48 17 97 75 86 88 16 33 41 40 5 90 35 82 53 1 84 62 38 94 5 55 42 75 53 80 39 84 20 30 
15 85 81 43 32 52 80 8 16 0 82 66 83 57 51 25 78 33 12 55 15 6 72 96 39 84 74 89 88 87 13 50 74 57 99 42 48 44 84 85 54 1 85 3 19 92 44 95 46 46 84 22 67 10 2 78 30 64 13 22 1 82 12 10 71 28 94 33 74 59 46 0 5 81 94 94 83 70 46 75 54 71 18 70 38 90 8 39 14 18 87 21 82 72 94 3 97 88 99 6 
96 46 25 31 88 70 40 22 18 81 37 66 33 44 87 47 6 54 31 10 84 80 59 86 88 10 44 6 26 3 10 43 3 91 95 70 3 30 83 5 26 53 64 93 83 64 34 61 50 5 13 79 17 67 53 13 55 83 89 81 0 0 86 36 15 22 66 2 36 1 21 9 24 46 17 1 28 36 71 50 99 48 78 22 88 35 24 27 57 75 18 12 50 78 74 50 13 73 59 48 
52 87 92 60 63 1 79 66 67 20 99 28 30 72 81 81 36 78 26 22 26 52 90 84 62 77 99 88 49 10 31 7 54 10 97 45 55 39 81 52 93 85 40 51 72 18 78 21 86 12 84 98 51 55 84 98 36 6 24 59 86 20 98 67 29 44 88 86 66 52 13 82 42 63 89 56 50 91 89 71 69 85 53 69 95 69 51 87 49 11 26 59 11 0 25 6 89 42 1 85 
1 87 70 59 99 70 70 84 44 6 57 19 32 60 29 26 39 78 25 41 46 94 10 77 86 53 80 31 54 67 54 18 71 27 60 40 73 70 70 55 45 30 58 20 59 15 40 71 68 44 42 21 13 5 51 34 16 76 71 66 12 82 14 0 67 74 98 65 57 65 88 30 48 21 84 73 79 14 54 15 2 22 29 74 73 96 6 14 58 31 24 48 41 88 2 28 68 43 87 48 
15 98 18 9 64 59 48 93 86 86 27 26 70 60 43 87 64 79 44 97 83 65 77 15 11 36 25 90 59 58 52 58 80 14 54 25 88 34 61 2 32 4 22 26 40 98 48 88 47 8 15 42 44 86 54 92 94 61 32 50 66 73 18 31 2 79 20 86 54 22 25 30 96 41 92 87 76 29 11 25 31 64 70 79 31 13 38 98 68 22 98 84 60 22 85 92 57 79 69 77 
27 90 29 13 8 30 20 80 51 10 0 32 9 2 79 11 63 10 3 10 64 84 24 32 85 43 29 29 54 79 15 76 63 42 14 73 64 33 11 65 33 97 84 7 23 66 84 14 73 14 21 38 1 94 32 3 51 65 71 40 13 15 5 98 9 69 36 29 91 21 49 97 17 35 71 93 42 82 94 3 53 74 47 51 56 1 19 66 34 80 50 31 47 7 77 28 58 32 75 29 
91 44 45 96 44 32 56 45 41 5 83 65 80 81 57 33 75 62 66 34 32 37 15 63 83 99 85 25 16 58 31 13 43 4 2 40 65 39 69 24 20 89 6 40 24 60 55 80 62 77 74 16 38 4 53 40 33 18 19 50 33 33 46 80 76 93 12 58 72 24 20 81 76 10 11 21 7 81 76 34 20 1 40 39 21 91 38 62 2 18 56 45 83 56 31 31 64 59 64 8 
82 33 40 66 85 4 71 19 65 13 2 4 84 38 87 99 97 23 32 97 12 98 73 58 49 28 59 50 90 3 19 88 14 64 49 52 82 89 66 78 26 50 76 69 64 88 95 72 59 50 28 47 0 76 45 99 97 55 86 46 9 83 63 93 49 99 16 11 39 63 77 53 80 36 20 28 24 49 49 8 73 63 25 10 63 53 51 64 54 27 0 50 89 14 91 95 98 35 91 89 
20 28 0 76 87 42 83 17 95 87 58 95 13 35 55 19 71 68 27 51 94 91 44 94 53 9 55 32 57 76 63 98 38 72 87 60 80 23 84 55 26 84 11 76 20 61 41 16 22 95 33 95 57 91 54 62 45 88 62 65 90 64 88 54 13 1 70 44 15 76 73 2 94 14 29 60 62 9 29 6 25 13 38 45 10 20 12 41 92 9 81 50 32 87 8 62 14 60 31 56 
73 17 17 28 21 65 14 85 97 60 40 18 46 23 47 35 39 65 10 68 36 62 22 11 50 70 68 71 66 7 46 8 37 92 89 24 25 25 94 5 90 41 74 77 54 61 62 92 11 57 42 22 89 99 35 94 40 96 48 99 58 64 81 78 21 15 69 66 44 75 71 12 31 46 92 46 74 57 59 40 50 10 24 84 8 8 95 45 89 35 60 32 44 50 42 29 51 53 76 88 
48 17 11 42 21 76 50 71 60 58 92 19 45 58 93 4 24 33 79 98 67 52 38 0 71 39 89 92 87 69 32 77 79 74 10 49 75 24 4 66 9 7 77 91 30 63 59 51 89 5 86 11 90 33 72 3 50 1 92 27 72 99 7 38 83 5 24 27 3 20 78 49 5 73 40 70 2 88 85 57 0 63 63 53 77 49 88 11 4 90 4 22 11 96 74 9 0 76 34 87 
31 18 84 22 56 44 52 66 8 8 80 82 53 73 27 5 16 95 61 47 79 53 1 60 41 74 82 47 79 33 65 64 24 93 50 30 38 13 86 17 75 89 72 5 74 49 8 17 53 28 16 99 87 54 3 37 94 44 14 0 35 5 30 63 56 9 62 59 94 28 63 47 40 0 49 44 60 52 92 97 1 23 73 39 87 12 86 60 96 29 86 89 12 16 69 49 65 65 31 66 
20 84 46 33 19 74 92 82 42 47 81 41 19 95 20 70 38 1 44 52 99 51 9 60 68 16 9 62 59 98 15 71 74 65 30 23 35 83 34 77 98 34 43 9 40 98 99 0 41 44 69 95 10 59 40 80 50 26 2 58 13 6 70 33 8 69 12 12 69 38 31 12 58 62 85 33 11 73 48 3 1 93 39 53 19 61 63 72 16 95 30 3 85 14 95 12 90 77 40 38 
