71 19 23 31 15 17 18 40 31 81 46 58 2 24 41 57 2 55 76 92 89 40 59 10 97 33 8 13 73 61 14 94 11 69 35 40 73 92 73 62 99 38 88 48 5 6 16 18 81 95 76 31 9 69 56 97 29 60 65 93 46 63 30 79 80 37 80 82 61 36 0 55 64 40 32 42 61 44 33 54 76 64 92 35 6 14 12 37 31 65 13 87 87 15 39 34 50 6 86 69 
63 79 48 24 86 16 4 69 36 35 18 21 49 62 37 83 12 17 63 28 59 25 86 20 24 46 82 36 58 19 19 76 74 4 56 85 15 23 73 52 63 86 46 70 68 13 50 5 43 4 30 89 14 90 84 38 31 60 50 92 43 43 50 15 32 72 49 88 2 58 77 73 35 66 44 25 35 84 86 81 33 75 70 51 46 68 25 37 37 55 64 82 50 44 91 96 31 94 33 55 
23 83 69 65 93 21 20 98 64 58 29 7 46 1 72 30 90 73 63 39 55 36 95 92 41 48 34 5 73 66 90 96 54 22 60 60 84 89 39 96 74 15 47 23 50 28 52 50 88 29 41 23 30 64 3 3 98 85 67 81 84 98 31 20 43 89 17 58 27 2 12 22 45 95 31 87 67 56 0 40 10 66 75 48 75 9 14 47 62 76 13 97 64 9 27 22 96 79 79 74 
8 94 76 65 1 80 84 99 25 30 4 8 83 25 52 64 64 17 96 82 74 94 64 54 46 70 96 47 11 52 88 0 13 41 93 50 79 88 75 80 76 82 99 8 84 82 37 96 28 2 28 1 13 48 51 69 39 44 88 55 84 4 15 85 66 7 5 47 9 26 72 54 8 64 43 99 70 15 18 90 84 2 44 73 92 30 37 31 2 83 89 45 30 31 91 25 10 68 82 52 
23 22 54 16 59 79 82 54 91 58 45 71 44 9 3 83 95 42 50 98 42 24 47 26 19 0 69 80 21 7 25 66 22 50 52 12 47 20 88 47 61 51 1 72 88 60 23 47 63 48 40 12 77 69 29 96 31 23 87 85 58 13 92 18 11 6 56 14 56 8 7 21 34 71 98 42 91 62 98 79 63 58 76 25 23 4 38 6 66 56 77 78 91 88 99 63 64 57 73 78 
26 99 73 2 94 10 86 15 85 22 84 97 74 44 39 99 65 94 24 70 16 63 21 33 64 8 17 87 66 51 42 51 75 72 97 9 23 63 44 63 62 57 66 45 83 1 8 79 64 26 86 95 20 92 57 74 86 93 12 5 15 82 78 8 19 37 71 99 61 62 70 14 70 36 88 10 7 29 16 16 14 3 42 46 87 69 86 8 29 23 98 73 98 80 91 4 55 9 20 93 
36 27 17 68 27 52 85 6 1 56 70 48 68 6 97 88 37 39 16 39 45 7 81 88 57 35 63 14 43 45 12 65 98 29 45 34 64 84 16 2 42 24 10 61 17 65 43 86 63 91 9 49 3 28 70 38 92 41 22 38 57 95 60 52 48 85 98 39 92 57 16 92 5 71 37 49 32 16 67 63 29 10 54 62 14 18 25 45 46 91 27 29 62 35 35 74 97 85 72 53 
78 14 99 80 67 39 60 96 57 43 33 87 15 32 51 77 96 67 81 78 18 48 85 62 19 78 65 36 24 47 30 37 90 16 21 4 7 44 82 43 51 88 30 92 15 62 88 60 25 56 20 5 56 13 57 17 13 84 49 30 54 80 35 81 8 63 84 46 82 41 35 12 13 19 49 55 56 19 84 62 41 12 16 56 20 72 6 51 19 17 18 4 57 96 70 23 30 34 13 58 
76 80 31 81 55 96 10 97 76 12 56 93 68 72 98 18 56 20 47 13 7 28 86 12 78 50 54 13 86 92 85 97 25 6 17 55 15 32 56 68 92 47 25 2 93 24 78 86 4 84 38 61 55 93 95 53 23 19 73 2 21 50 67 34 11 35 34 84 79 7 14 12 63 14 69 18 14 71 26 36 67 65 1 57 69 97 36 15 88 83 84 70 88 50 86 3 59 60 62 88 
24 2 53 88 53 73 66 41 98 56 28 81 82 93 39 52 67 21 93 12 80 48 50 25 87 60 85 62 43 84 62 62 3 4 26 6 17 18 73 7 59 27 23 44 96 44 73 57 45 52 64 70 64 80 72 46 4 3 62 33 25 36 41 87 8 94 81 99 82 20 94 35 85 37 53 93 69 0 26 60 30 97 3 21 46 59 97 82 86 70 31 23 2 60 37 17 57 97 63 5 
13 33 65 87 61 22 30 36 7 6 37 2 70 94 9 34 16 98 5 84 55 27 62 61 63 11 40 45 72 75 13 39 98 59 95 52 56 37 74 88 85 49 0 23 61 50 24 84 18 26 4 8 87 97 56 86 91 86 44 55 67 55 26 47 63 51 71 84 53 63 86 97 74 99 99 59 37 90 3 68 60 98 86 80 89 60 12 54 17 82 18 9 27 18 83 8 47 35 7 89 
29 2 36 33 17 57 9 51 18 77 68 24 34 85 77 42 32 57 40 54 3 80 92 46 8 54 70 39 69 75 30 64 32 8 63 9 25 16 79 27 28 50 23 14 81 23 24 81 25 65 7 14 60 78 30 57 36 23 98 12 27 30 69 89 77 0 31 68 27 26 1 27 1 26 95 19 64 42 23 97 8 61 43 36 27 71 95 81 6 97 24 25 69 73 32 65 65 7 36 87 
88 72 26 25 83 37 29 33 39 85 46 14 12 85 29 40 15 23 0 0 24 80 26 67 14 1 60 87 85 48 31 33 72 23 16 0 7 49 6 98 22 35 53 18 54 80 71 26 11 51 97 48 10 76 74 54 9 29 90 69 27 3 87 53 10 71 61 85 71 85 74 60 22 97 15 26 16 63 94 34 3 66 1 64 54 98 75 26 29 92 61 73 43 27 11 2 52 91 14 49 
40 58 53 36 78 6 19 93 52 48 13 79 60 33 74 87 32 30 60 11 82 71 0 0 32 53 30 64 42 12 83 47 90 51 53 99 67 42 13 8 15 58 74 93 10 75 38 44 89 52 99 51 53 40 75 5 49 26 15 78 6 84 64 35 90 51 29 13 79 77 77 39 97 87 2 74 96 51 46 83 63 46 54 71 21 14 89 38 19 28 71 61 93 23 81 88 77 12 62 29 
4 36 76 8 64 49 8 53 10 16 40 42 83 26 16 39 50 75 25 19 63 56 7 38 60 2 39 43 40 17 41 27 7 60 59 47 53 29 18 98 92 72 28 87 35 32 14 77 4 35 89 39 48 32 21 98 0 86 60 49 68 60 87 56 1 81 96 44 2 18 11 43 7 71 56 88 89 74 78 56 6 32 76 82 78 95 37 40 83 39 72 65 9 36 5 90 76 96 34 11 
41 32 89 53 90 86 66 78 22 43 8 41 9 99 31 94 3 39 37 30 75 46 91 28 94 26 26 76 58 48 97 7 65 76 76 82 59 66 68 6 37 1 78 91 78 69 97 54 66 7 66 0 84 70 99 39 65 95 36 81 47 24 93 59 4 24 31 72 42 29 50 30 87 55 24 26 21 62 19 15 7 88 78 59 49 56 88 43 38 62 75 41 76 6 44 59 76 15 85 96 
78 58 87 44 34 10 71 70 46 32 55 0 18 10 41 46 66 92 85 97 68 47 4 3 24 63 83 24 51 75 6 50 63 46 45 76 82 95 25 90 74 74 89 91 44 1 78 35 93 81 71 31 42 11 69 54 35 39 60 89 62 81 38 65 79 98 60 17 59 57 90 32 96 82 74 54 23 70 67 41 69 37 76 37 77 19 24 44 12 86 33 5 80 33 27 99 17 78 13 31 
90 84 76 62 61 17 44 29 80 96 24 76 87 91 11 26 61 4 24 99 8 51 24 13 8 84 62 8 33 29 90 18 5 40 21 25 11 78 1 3 55 71 29 29 49 21 27 83 23 55 50 71 91 66 76 63 99 20 19 99 51 58 80 98 58 1 57 94 73 47 82 17 81 72 14 16 74 4 23 60 7 12 96 97 84 47 83 1 37 63 80 48 74 36 62 81 64 11 10 32 
29 70 5 31 43 68 41 28 82 52 75 91 58 92 4 90 32 10 76 59 85 40 87 46 28 45 86 86 31 24 76 5 21 55 19 92 71 27 22 87 16 52 35 15 88 93 29 70 34 65 94 18 48 29 14 61 5 14 87 5 4 41 64 0 22 82 52 48 81 98 46 95 2 74 69 70 26 85 26 82 71 17 18 79 47 62 65 74 1 40 83 87 63 54 49 24 62 47 31 7 
15 29 38 78 81 69 78 25 85 66 19 94 70 52 86 93 38 33 23 75 20 15 28 1 31 65 77 19 43 69 34 43 84 92 54 42 14 33 51 30 57 92 84 19 61 99 15 85 87 10 87 1 65 28 52 66 35 31 25 77 1 4 72 82 94 99 56 8 50 73 87 10 91 44 87 47 12 90 21 68 61 29 38 77 56 62 96 31 73 71 18 69 30 57 18 48 42 64 44 26 
69 31 14 64 97 73 7 74 54 81 30 93 16 33 72 21 25 49 22 57 9 78 12 81 71 76 0 31 71 95 11 58 2 11 67 22 83 39 99 92 95 39 49 88 15 37 2 4 80 21 7 12 40 82 80 85 0 41 3 90 5 51 99 69 43 28 66 67 73 67 6 87 63 44 63 59 33 56 19 64 73 1 40 75 79 1 19 32 93 93 49 42 6 23 76 75 21 11 19 29 
92 37 41 8 47 44 29 74 40 82 35 37 76 30 99 20 84 39 26 48 70 99 2 36 45 53 28 0 74 37 27 69 3 24 86 48 48 30 14 79 44 3 81 50 3 18 80 12 73 65 48 71 96 45 50 50 74 4 28 31 6 89 45 96 41 7 78 4 51 52 79 19 10 64 7 48 66 87 93 2 41 58 0 35 27 7 75 48 35 19 22 56 11 34 61 73 49 59 78 28 
93 18 9 27 26 81 11 62 75 6 91 21 43 23 3 4 91 31 48 85 48 27 54 47 30 87 27 88 23 85 57 17 93 90 41 80 41 58 88 80 41 90 49 70 50 48 7 43 27 57 56 68 97 43 36 74 99 80 12 65 69 94 29 31 33 23 61 86 48 96 91 83 78 4 45 21 88 46 64 47 92 78 38 79 57 43 24 44 0 36 61 17 40 62 91 26 76 54 53 14 
18 88 90 30 73 75 98 2 8 39 13 41 81 65 6 85 63 62 13 51 24 45 61 95 1 68 32 1 20 25 82 97 96 35 94 48 73 92 36 16 12 56 49 55 75 83 22 68 95 63 21 38 96 84 35 41 24 45 23 72 54 20 96 38 59 89 51 29 7 49 6 5 2 1 68 72 50 73 75 63 80 56 7 64 83 64 34 84 12 66 2 3 75 14 71 0 93 69 7 84 
94 28 21 81 22 67 43 59 96 81 85 43 6 6 62 25 93 59 43 64 18 39 26 40 73 99 32 5 37 42 42 72 87 30 37 64 4 8 76 58 0 90 51 33 38 16 53 57 40 7 13 98 92 27 68 88 65 43 82 46 79 29 38 77 61 50 48 23 44 30 24 47 70 0 21 76 33 63 48 64 37 22 82 53 35 46 36 0 16 3 27 15 71 3 0 15 0 26 84 22 
74 51 87 73 69 42 1 33 61 79 33 30 76 76 31 86 98 64 62 72 43 43 14 55 16 46 73 16 80 20 71 90 28 26 43 24 10 58 69 97 0 46 87 63 27 31 82 35 67 81 94 37 98 36 61 32 49 43 64 81 19 52 31 89 46 52 62 59 4 94 6 93 84 19 41 34 71 95 62 10 19 29 44 63 94 49 88 66 70 58 13 3 94 28 86 98 39 11 16 40 
75 57 75 68 62 53 35 0 1 90 85 87 65 55 94 44 43 6 60 56 10 60 69 75 95 65 20 56 77 75 36 76 14 63 81 22 57 18 62 51 36 31 60 71 91 90 32 82 12 96 67 95 60 31 56 66 86 35 47 34 50 16 68 31 12 76 31 94 65 59 49 4 48 72 7 44 83 71 26 88 12 58 1 34 87 75 50 44 59 39 37 66 48 7 7 93 52 19 84 32 
73 51 83 51 82 95 84 94 90 67 97 18 18 64 71 56 93 36 61 73 42 28 25 70 64 28 47 98 97 84 93 71 68 31 5 53 41 83 89 24 54 87 10 99 88 20 48 93 91 17 96 1 97 66 34 53 13 63 28 59 44 81 94 80 89 21 91 1 26 27 69 67 91 18 33 87 52 11 6 34 52 71 36 35 8 7 94 95 77 79 92 0 36 54 65 63 98 52 16 56 
72 60 25 22 38 81 47 26 91 86 26 1 86 6 53 29 31 76 85 24 5 69 26 4 40 31 60 95 87 98 4 98 39 38 43 32 49 31 33 55 88 16 88 1 21 3 1 50 32 84 38 36 89 3 51 96 61 31 87 69 46 40 40 97 7 89 35 9 56 73 66 40 76 44 86 31 3 46 61 54 27 7 96 86 63 95 74 56 88 17 67 27 90 97 88 12 43 50 58 48 
2 50 72 82 2 30 95 6 76 18 65 39 52 63 17 18 36 24 24 37 43 79 96 72 6 43 43 80 12 5 54 96 67 50 52 73 87 27 25 57 18 38 32 25 97 76 19 68 63 53 85 39 45 81 64 61 78 2 70 10 84 43 10 89 76 8 34 49 95 27 18 42 12 18 36 1 19 31 23 61 15 22 49 5 95 78 98 85 71 2 17 19 85 80 21 21 81 20 47 58 
14 94 11 0 22 57 86 7 92 51 79 67 66 11 76 47 61 24 45 46 65 6 62 63 77 53 22 92 31 31 6 22 28 68 4 29 31 17 54 89 9 89 78 13 15 83 96 28 14 29 32 3 78 27 82 8 30 62 21 25 72 38 37 47 6 21 71 31 54 90 26 81 0 18 20 43 12 21 75 35 60 53 77 34 75 66 39 42 50 44 90 18 71 11 45 94 69 96 97 74 
76 4 99 72 47 81 55 65 52 43 29 77 63 93 17 71 39 62 57 47 54 34 19 39 64 27 88 27 85 0 82 97 71 72 59 24 49 16 37 34 45 51 62 9 81 9 29 53 42 40 65 85 72 78 41 45 13 13 92 66 70 49 86 38 70 56 80 43 1 32 61 70 8 11 47 81 95 33 39 59 28 4 20 58 7 65 47 77 33 52 47 97 97 88 27 89 4 46 17 62 
89 0 26 41 53 45 99 76 94 26 69 14 60 60 25 71 89 77 89 16 97 38 28 73 42 34 63 91 19 76 85 39 14 72 86 95 32 10 82 17 69 60 72 63 16 93 41 79 98 76 83 23 89 11 19 42 45 70 9 30 83 81 85 37 85 59 67 68 21 74 80 1 12 70 39 36 11 46 59 65 3 82 27 9 17 45 7 38 91 30 77 9 7 74 73 76 39 69 17 19 
87 50 86 97 81 23 50 70 80 36 54 23 48 62 70 79 84 43 49 96 99 39 27 55 20 60 21 15 23 38 15 97 2 76 0 49 39 78 73 33 18 18 43 7 28 9 56 24 24 50 28 76 49 78 77 0 1 37 96 87 5 63 89 23 38 29 82 60 27 13 9 81 71 67 45 92 15 18 22 4 61 74 74 68 91 49 19 80 73 10 81 10 34 1 44 71 71 59 23 64 
23 49 67 45 9 3 53 29 48 2 93 44 89 27 65 46 66 79 43 29 60 1 44 97 45 14 90 1 81 7 75 47 93 48 36 13 52 87 42 13 63 37 33 57 30 89 8 71 8 21 29 14 29 63 37 57 71 23 47 4 94 51 44 9 21 17 91 41 90 18 19 34 27 71 55 25 54 71 40 52 3 71 3 81 39 76 77 63 60 32 3 11 14 35 33 66 92 56 90 93 
90 50 98 29 91 41 40 28 30 34 57 48 65 43 72 7 27 49 63 22 17 54 75 49 31 39 57 39 27 47 27 26 65 73 90 16 96 49 23 80 16 51 98 16 94 90 93 0 81 13 71 2 86 81 55 91 76 45 62 63 91 18 66 10 71 82 95 49 15 29 10 15 28 87 35 72 57 5 46 99 25 85 1 35 48 0 0 23 78 3 29 89 95 34 93 16 94 22 55 29 
63 79 10 6 43 5 82 52 74 89 84 42 61 23 81 72 47 28 14 64 93 99 9 95 12 94 40 88 92 86 66 2 65 68 14 9 70 27 84 62 59 25 60 6 49 30 31 94 3 6 73 57 45 57 94 77 42 62 50 4 32 16 56 29 42 47 3 26 82 16 98 35 97 74 8 70 41 26 70 34 55 71 86 33 26 42 98 82 36 94 57 96 71 75 48 7 15 64 7 89 
83 12 51 56 21 19 38 71 77 51 55 28 48 34 96 55 52 51 12 80 79 74 72 55 47 81 98 5 38 80 81 67 15 48 74 52 82 26 35 14 33 12 41 21 29 91 91 52 67 21 62 37 82 58 48 16 22 0 86 8 53 10 44 64 77 49 16 35 2 11 10 38 94 44 71 70 64 31 99 51 67 30 61 1 86 15 30 81 20 99 77 2 8 81 74 71 79 55 34 0 
51 58 9 19 74 48 9 11 95 32 30 18 84 30 67 68 51 24 38 62 52 19 21 35 66 66 54 86 90 24 64 86 21 52 89 2 78 82 78 69 18 60 78 57 66 51 54 96 83 94 4 39 55 47 95 70 1 86 25 23 85 27 61 50 35 88 65 51 51 49 36 13 43 10 85 9 49 98 85 82 90 17 54 1 18 14 90 71 42 75 53 59 40 25 14 89 64 57 0 16 
82 35 93 27 66 37 93 98 95 45 55 6 89 75 96 41 80 7 6 1 69 72 77 12 85 41 56 95 4 70 53 44 40 1 21 67 98 68 29 76 55 40 71 48 9 95 99 79 12 64 14 79 14 74 73 4 87 92 36 48 6 29 87 21 15 9 42 17 32 85 83 80 91 36 10 1 61 61 99 0 24 97 82 89 4 28 84 16 8 45 72 72 15 47 73 54 48 30 55 69 
67 60 28 13 11 27 7 16 12 83 24 0 32 89 65 96 28 64 27 36 52 87 99 9 62 15 81 46 18 10 72 50 34 52 26 97 44 32 58 74 73 83 8 48 39 96 33 53 35 92 38 38 36 87 75 28 49 2 60 78 35 67 19 34 76 22 84 19 14 44 93 43 61 78 65 43 4 18 87 74 40 10 24 4 67 20 2 34 61 34 79 19 53 64 80 93 59 93 68 76 
20 79 69 2 46 44 10 37 78 7 78 26 83 90 5 91 32 64 47 93 61 58 15 37 36 13 47 73 69 98 77 38 43 10 89 88 76 21 20 87 3 9 63 2 33 9 67 87 54 60 78 57 94 17 48 96 17 62 74 92 34 35 63 82 78 56 20 19 85 98 89 5 68 73 35 82 84 76 85 89 61 70 89 25 97 27 4 36 64 11 15 57 86 32 80 94 37 10 11 73 
71 52 53 27 67 37 67 29 96 16 13 35 33 16 73 28 31 94 6 4 31 97 54 90 71 36 26 2 78 31 29 76 28 40 4 32 6 9 47 19 72 3 54 35 23 52 70 3 59 63 0 28 78 61 55 56 31 14 5 16 76 7 24 44 79 71 54 20 16 2 95 36 5 60 80 50 95 63 15 90 35 69 16 72 35 72 43 44 58 84 25 50 37 75 37 64 51 5 59 0 
72 44 5 69 94 1 69 77 70 96 57 9 90 31 61 73 44 32 81 85 37 37 56 71 53 34 6 75 53 66 58 12 58 15 81 20 11 99 42 37 45 9 14 28 46 97 88 85 25 84 56 68 29 83 56 42 49 49 69 60 7 55 35 25 50 21 0 92 9 82 7 84 1 39 46 46 53 41 91 73 1 60 58 82 19 1 7 96 91 34 65 22 91 54 1 92 51 52 52 77 
33 86 55 81 81 1 90 68 57 20 0 20 4 5 89 6 82 15 67 14 10 86 62 12 31 72 60 38 33 79 7 55 25 27 66 50 25 31 13 80 1 64 51 92 85 13 33 84 79 68 55 73 97 24 5 49 98 80 34 46 96 42 26 86 0 92 38 55 52 13 9 12 25 80 0 90 8 28 74 99 84 61 17 95 9 98 26 34 31 86 24 56 48 55 26 88 34 32 76 41 
52 6 60 40 15 80 33 9 19 68 48 32 50 71 78 94 76 84 81 75 74 40 80 29 54 84 48 94 13 83 55 37 85 9 31 33 65 79 46 59 85 72 11 0 4 44 95 76 52 90 60 37 48 68 21 13 41 92 43 40 72 38 74 98 61 23 96 70 80 6 77 51 3 47 15 84 61 65 32 76 24 60 13 60 27 11 34 71 82 41 46 0 61 76 68 66 70 25 62 21 
36 47 25 58 20 75 93 49 13 18 72 3 82 33 25 71 67 25 6 47 11 3 51 8 23 58 10 73 35 73 29 31 14 89 91 40 8 2 66 74 25 3 47 71 87 6 39 11 57 57 66 34 56 38 84 12 71 41 30 14 12 47 11 35 10 65 38 39 6 71 83 86 31 51 83 24 66 49 14 90 59 45 60 90 62 0 72 14 6 70 55 43 81 71 60 94 7 66 54 5 
38 79 8 59 59 1 77 11 30 39 43 16 59 75 91 96 41 12 43 9 71 41 98 31 51 29 18 22 66 11 13 70 26 16 5 63 54 12 38 76 35 64 84 96 83 80 37 24 37 15 10 72 64 47 89 77 53 79 86 68 61 92 59 12 24 0 13 8 75 0 8 47 76 66 33 37 4 89 78 96 95 25 11 53 47 65 76 41 92 16 40 10 15 6 75 89 96 80 40 76 
22 42 87 68 55 2 97 41 57 25 46 44 58 66 24 13 76 83 5 56 36 82 84 27 96 20 68 83 20 18 25 39 22 45 23 6 21 21 79 22 26 46 70 59 51 68 74 5 67 59 74 69 21 73 46 57 76 46 71 41 25 12 4 29 68 78 63 96 95 16 45 43 9 14 87 83 9 50 73 44 92 79 32 66 12 81 11 44 82 19 5 4 0 51 48 9 75 43 56 23 
2 28 40 8 60 75 75 1 17 55 82 54 12 22 18 27 23 43 85 33 1 54 5 75 56 0 3 5 78 64 24 22 26 77 99 8 96 85 12 57 66 17 30 47 10 55 38 81 94 1 22 75 45 80 82 65 2 97 46 52 59 27 4 99 6 17 16 49 78 44 23 32 31 97 29 13 34 53 61 45 58 31 20 14 96 62 54 68 13 56 40 45 91 20 54 43 58 96 83 99 
66 47 61 87 91 50 22 71 50 67 46 20 67 17 81 65 61 61 24 61 57 10 12 89 22 25 47 24 78 18 38 40 82 41 62 65 33 23 46 27 65 52 87 9 64 23 70 75 64 76 10 96 72 12 97 55 46 83 10 80 43 86 52 82 39 60 9 60 60 75 77 0 15 22 93 70 53 34 90 13 68 31 46 9 70 48 98 35 48 65 75 75 45 65 28 63 53 63 45 15 
83 41 4 78 83 23 57 50 8 57 5 10 71 64 39 60 53 73 68 32 31 9 50 8 10 97 19 15 73 0 54 26 90 44 90 60 56 57 4 54 83 36 91 28 89 83 64 17 49 55 34 82 30 37 0 70 69 86 76 97 2 92 32 31 60 70 27 47 39 71 54 63 38 66 36 46 13 15 49 1 84 12 59 69 98 17 83 44 52 51 90 58 37 58 51 56 80 40 73 84 
40 34 84 14 89 58 67 51 87 94 11 53 43 81 21 48 45 66 1 24 15 41 60 97 60 94 84 1 14 50 36 7 87 47 85 1 76 52 31 19 12 48 7 64 68 18 12 93 7 81 38 72 37 46 93 23 73 86 89 1 41 4 4 51 31 59 63 32 94 46 86 58 77 95 75 67 80 9 76 20 23 38 38 4 85 29 13 38 54 12 32 9 76 5 19 61 81 22 75 97 
32 86 34 19 64 35 15 40 11 1 44 88 51 67 36 6 31 9 72 39 52 67 49 14 97 0 16 45 1 35 27 5 14 46 62 99 71 56 78 69 29 58 84 45 3 47 99 74 6 95 17 67 25 72 75 32 56 73 48 49 17 9 9 72 84 0 44 53 53 23 19 0 64 22 24 3 36 49 41 3 70 46 9 91 11 36 34 58 61 29 54 1 90 15 11 96 24 70 18 20 
59 45 51 91 39 48 18 18 71 20 29 27 63 76 12 71 66 36 85 68 35 7 21 50 91 40 9 51 5 46 69 10 67 19 15 21 48 95 38 98 3 73 38 94 64 68 15 42 39 18 5 7 8 58 24 63 38 79 34 97 3 72 59 94 40 61 69 27 75 5 55 63 14 59 81 16 6 46 10 89 34 62 76 26 71 17 60 50 88 50 40 88 73 13 62 22 90 22 48 0 
9 31 93 99 89 26 45 72 21 21 15 68 64 36 38 0 99 75 79 90 72 15 32 73 69 52 87 55 83 25 52 5 82 83 83 83 56 75 5 43 27 12 5 70 85 71 3 5 0 39 69 7 59 95 3 38 80 66 45 84 12 39 30 65 83 85 20 69 68 45 81 83 62 1 83 89 37 28 62 18 5 49 82 53 28 77 58 91 44 7 71 57 62 25 79 21 60 55 81 15 
78 59 82 92 80 99 70 28 64 4 64 46 32 61 59 43 21 43 95 89 78 72 2 41 42 48 82 24 68 4 67 31 90 59 35 20 39 24 42 72 71 25 49 86 61 82 84 73 38 5 1 71 55 38 62 33 75 6 29 22 85 79 83 34 53 39 52 80 12 81 74 94 23 90 13 65 67 26 45 25 70 75 95 74 32 86 77 58 30 62 84 72 10 99 51 96 83 88 38 72 
75 97 25 73 35 57 26 58 83 42 31 11 0 76 56 94 57 33 61 46 37 52 97 3 27 67 76 49 34 17 65 41 33 83 59 55 69 55 11 68 78 88 58 42 71 7 65 60 2 92 98 18 25 22 23 46 77 13 81 97 54 47 93 70 31 85 90 75 89 98 32 64 53 24 97 80 26 45 1 46 1 80 60 30 78 94 23 86 19 53 4 21 88 37 43 11 12 39 79 28 
56 62 20 98 19 4 33 72 63 65 99 12 78 63 19 27 85 11 86 61 42 87 91 44 10 96 2 60 98 59 7 79 71 58 9 32 23 72 15 57 98 49 38 12 18 83 78 34 58 80 36 25 54 65 74 25 41 51 50 42 16 36 75 20 37 49 39 25 40 64 62 44 88 81 85 67 20 19 68 5 35 70 53 94 93 71 5 98 89 16 46 76 75 8 5 20 49 15 75 40 
21 61 1 52 33 74 83 24 74 55 28 35 56 93 2 88 60 69 71 4 85 43 79 58 92 60 18 62 51 76 96 76 78 10 35 35 37 38 91 64 10 25 33 2 26 45 15 1 33 6 96 70 41 10 6 20 68 62 41 51 17 1 96 42 23 18 86 45 43 87 35 32 94 37 92 32 29 65 70 96 93 17 66 3 10 64 51 82 56 20 12 36 41 60 14 85 4 47 95 31 
43 16 14 25 90 32 9 72 84 83 11 17 45 62 98 35 33 36 50 5 72 71 45 35 79 12 91 20 72 23 3 58 58 38 26 16 95 40 32 26 65 11 78 83 91 77 63 95 13 67 44 15 62 92 0 61 17 15 99 59 79 39 93 99 68 96 58 60 46 8 81 99 32 51 77 17 65 5 45 39 52 56 94 10 91 24 95 99 80 59 47 73 94 3 58 56 5 11 73 39 
60 8 70 50 69 81 70 70 36 52 4 68 28 93 7 3 68 83 21 97 89 6 28 0 54 89 49 68 59 34 74 86 66 76 76 83 80 22 93 52 7 66 44 40 27 81 6 32 87 47 45 19 78 12 52 37 99 45 93 41 9 74 76 99 84 18 84 91 5 19 1 36 27 67 41 85 54 60 29 14 36 80 87 45 79 40 45 80 77 66 43 43 89 31 81 46 46 7 7 74 
62 39 31 50 28 83 36 37 18 47 50 93 18 69 25 7 54 68 39 92 71 52 77 9 43 62 81 18 23 15 48 21 16 21 80 85 76 54 50 84 38 98 8 2 69 20 60 83 0 15 53 55 36 93 74 18 79 60 71 58 67 56 26 8 87 1 3 15 70 28 60 44 33 29 50 35 29 11 60 19 37 20 19 2 36 75 93 92 63 21 9 92 31 97 97 31 39 80 14 10 
35 46 30 88 73 98 45 74 25 98 95 98 38 9 86 13 32 7 55 53 65 20 14 60 69 51 93 4 2 37 18 27 32 19 36 12 80 35 56 17 54 65 33 86 45 93 25 81 23 76 91 85 89 43 70 86 79 84 50 6 92 76 20 32 9 67 6 49 17 92 93 63 34 73 16 13 95 26 63 26 57 77 62 76 79 87 99 23 13 58 75 51 89 97 93 49 32 95 20 32 
94 6 17 55 72 2 4 12 23 17 57 13 16 71 16 59 75 66 63 82 27 62 49 69 4 9 1 15 91 95 16 95 57 96 87 22 17 93 55 13 36 19 65 47 81 54 87 18 23 97 66 28 44 0 66 5 32 44 94 29 95 12 89 59 34 29 9 65 46 34 23 9 76 95 38 83 15 36 91 24 7 35 70 81 25 27 54 29 48 19 70 43 54 60 34 54 44 16 79 27 
90 67 6 23 15 77 91 76 89 76 31 20 14 66 77 46 97 14 13 12 76 5 53 92 3 97 50 99 86 41 54 11 21 99 66 9 95 17 94 96 55 3 71 9 91 68 21 3 16 91 28 54 66 8 61 96 47 30 77 21 56 97 10 16 33 60 17 66 28 29 15 39 53 21 8 85 51 6 76 25 56 28 87 72 45 24 88 67 24 94 97 26 7 42 84 48 12 9 35 37 
62 55 72 26 7 14 39 40 43 73 15 8 98 34 80 83 11 12 97 21 43 26 29 41 42 74 24 79 71 72 64 52 6 27 73 44 72 86 2 94 63 15 21 53 93 75 36 98 1 82 37 82 62 85 73 11 50 3 79 36 79 90 17 5 44 39 91 6 27 85 9 82 95 63 26 24 49 58 4 47 28 52 89 2 4 4 6 32 81 37 55 27 21 76 69 76 78 51 91 7 
13 10 80 30 38 85 3 88 80 66 50 19 38 53 33 9 55 24 30 79 33 77 67 9 46 26 51 27 56 19 74 87 43 19 55 38 23 95 22 10 13 74 4 21 84 65 55 21 49 98 42 90 48 77 58 93 92 91 14 80 31 69 84 80 68 3 52 4 43 90 32 28 88 66 48 30 86 25 95 71 26 77 88 32 88 79 89 11 89 81 6 15 33 26 91 48 61 43 77 36 
4 6 13 6 61 55 75 93 91 3 24 19 37 17 89 95 21 84 70 61 74 61 92 92 27 4 81 79 35 18 83 56 81 52 43 54 37 74 38 86 82 91 54 2 77 65 60 39 72 74 0 31 14 22 84 89 77 36 45 70 94 33 34 38 77 64 10 92 33 82 53 91 6 12 4 74 51 5 55 29 9 98 60 40 20 83 54 48 76 12 69 23 47 17 81 66 27 43 35 41 
99 97 26 35 6 45 99 65 71 54 64 4 72 36 51 99 51 98 77 49 25 24 49 1 38 43 66 97 69 77 29 27 80 63 34 53 57 70 24 3 72 98 26 34 17 37 14 76 92 27 68 96 59 4 39 85 38 83 1 93 48 90 95 42 11 14 6 70 17 10 90 10 49 87 69 42 58 61 28 11 51 77 97 17 68 69 51 32 25 49 12 75 7 5 5 6 72 76 63 16 
52 75 27 12 0 79 77 8 64 97 98 83 44 59 3 64 73 88 29 81 3 27 0 60 20 68 77 22 94 46 27 30 48 96 64 20 36 25 41 59 23 85 11 86 10 78 50 30 68 81 5 20 7 55 46 23 78 74 5 20 81 29 70 93 74 65 62 79 1 60 78 29 32 68 73 37 31 41 59 79 37 63 83 56 4 74 18 94 59 27 86 84 11 90 96 39 36 4 63 76 
90 27 92 59 84 54 1 63 12 89 68 55 17 73 31 83 74 59 54 32 44 84 47 77 72 27 8 34 33 70 71 94 22 43 59 18 1 23 63 69 18 95 46 91 0 19 53 31 31 53 61 27 16 29 56 86 56 39 5 52 39 63 62 53 94 38 14 53 69 30 48 37 92 55 20 23 34 92 18 39 98 14 71 14 92 13 57 86 17 14 63 37 42 5 93 41 56 66 81 84 
38 70 50 59 43 35 53 54 92 77 40 38 38 68 90 37 85 50 43 28 23 86 71 91 76 35 63 41 58 73 69 50 19 39 20 6 22 20 93 0 7 88 71 23 82 70 49 11 67 5 66 96 19 85 86 72 28 98 31 59 14 90 21 12 48 18 51 80 51 2 97 64 29 38 33 12 93 17 67 25 47 64 61 75 71 42 58 93 55 97 58 21 50 30 14 25 37 80 33 65 
82 83 34 64 26 54 85 28 54 82 78 94 13 29 95 69 36 13 19 41 14 45 51 25 51 34 96 10 66 21 74 89 28 44 28 18 26 12 75 28 19 62 30 33 75 69 83 36 56 46 77 40 35 57 15 67 95 2 19 15 35 26 46 29 34 60 57 99 77 72 86 52 27 39 16 41 18 92 61 44 31 84 37 25 1 54 53 34 59 56 89 4 33 61 67 65 92 14 60 98 
17 44 58 86 40 32 36 38 95 83 56 86 84 67 26 6 56 89 47 75 47 62 48 76 11 91 84 79 22 67 86 55 12 84 27 93 13 9 68 11 96 84 29 36 83 80 55 34 53 36 91 83 88 98 91 71 47 36 92 55 58 77 68 34 58 76 84 87 49 26 53 40 88 66 73 35 31 70 30 46 22 32 93 22 42 81 56 17 62 74 45 37 14 19 25 41 25 15 43 37 
77 8 1 99 33 56 71 31 6 86 28 76 47 5 22 55 32 83 67 79 60 31 51 97 95 91 44 73 24 69 66 53 89 68 89 28 93 69 92 72 0 17 66 28 55 85 44 30 30 19 0 27 46 75 0 26 43 32 27 33 24 51 23 5 93 6 20 7 97 23 15 77 31 3 14 45 95 12 70 52 69 51 99 72 4 68 17 22 93 48 18 89 29 83 26 90 17 38 21 17 
60 1 19 26 47 72 68 23 36 25 55 7 32 41 27 38 73 78 55 24 31 19 54 73 58 36 0 13 68 21 60 33 1 91 73 36 92 47 22 48 82 34 20 16 50 89 97 90 5 60 88 89 51 54 0 0 91 36 27 84 29 55 5 98 64 7 66 54 68 10 12 31 11 90 37 60 7 26 15 65 4 18 61 68 82 51 19 60 80 82 5 90 58 46 34 46 26 70 15 24 
86 73 76 67 22 95 70 40 6 75 10 57 17 61 93 0 31 52 1 24 10 39 38 19 2 37 70 38 29 42 98 72 22 8 39 16 57 46 58 7 6 99 43 28 63 74 27 90 97 53 1 39 26 95 43 78 4 11 92 6 10 80 67 29 94 34 29 27 54 45 67 47 19 96 37 17 21 20 89 2 61 60 95 60 64 36 46 50 36 12 43 96 90 45 39 35 43 14 76 32 
36 65 73 29 72 18 85 58 11 52 66 26 46 59 88 46 37 58 46 56 90 51 85 87 3 68 49 39 73 44 3 92 62 8 9 97 91 3 51 22 49 92 47 99 44 20 62 5 82 87 1 75 1 88 45 53 42 81 94 48 17 93 24 79 93 14 3 38 39 75 69 22 65 79 52 35 71 0 63 22 9 92 10 83 80 28 6 11 88 52 9 9 5 3 82 56 72 46 35 54 
85 30 20 34 3 37 86 54 39 38 9 44 55 69 97 58 43 95 75 21 59 2 9 47 93 60 11 37 56 32 45 29 21 87 44 3 93 50 6 57 95 36 3 14 60 98 40 34 3 27 80 8 52 86 0 17 98 74 52 46 11 11 81 77 50 49 41 28 50 3 27 50 88 81 62 19 22 25 85 58 29 1 28 10 59 23 66 30 67 13 63 38 41 25 4 24 12 1 98 7 
60 37 69 70 1 62 0 72 2 70 25 53 23 12 53 83 18 30 22 96 85 93 74 76 70 50 82 56 98 50 90 8 68 73 57 61 26 71 92 25 67 85 70 68 35 94 64 50 17 49 85 37 25 11 59 81 68 50 77 97 52 61 76 95 27 78 9 66 36 36 87 2 12 17 64 59 10 72 43 51 52 92 86 15 83 3 61 36 13 93 2 86 22 50 44 14 47 79 82 33 
21 13 31 30 11 71 51 5 85 62 36 11 94 24 4 87 97 83 74 42 76 89 74 85 97 98 0 78 14 23 15 57 56 62 9 35 8 11 85 33 0 28 96 91 90 37 77 42 34 79 13 92 57 94 90 20 27 73 67 80 86 52 75 23 61 72 64 96 77 35 22 76 37 48 33 56 69 84 30 49 88 4 17 56 28 26 23 64 60 97 13 96 71 36 77 74 87 66 67 56 
55 73 46 61 62 82 9 66 33 38 62 47 89 39 46 72 85 78 50 5 32 25 34 76 89 48 24 3 33 68 9 31 73 6 48 40 9 98 26 63 47 25 97 90 2 14 9 65 62 26 42 55 47 78 38 18 83 51 23 45 23 81 48 15 1 14 71 0 45 72 92 70 73 63 2 7 26 51 64 20 29 64 94 65 51 31 53 4 70 27 67 72 63 70 78 9 89 86 66 51 
70 66 36 66 7 69 60 30 66 11 96 4 66 39 30 76 21 37 57 61 64 47 22 67 1 76 14 7 82 17 18 53 15 49 61 76 99 66 87 41 61 22 70 38 70 89 0 92 79 60 92 35 63 44 23 77 34 56 67 10 69 6 76 8 45 77 86 83 50 99 24 58 54 34 76 23 17 69 23 81 76 3 71 24 48 80 37 9 48 59 76 75 91 28 40 10 69 22 95 20 
38 45 86 41 86 5 41 47 19 33 73 4 37 40 27 42 5 40 51 42 74 97 10 97 1 60 11 92 4 45 58 55 80 13 58 85 78 65 8 81 51 53 31 79 31 31 29 61 75 44 18 94 63 86 57 53 57 32 55 33 82 34 95 49 64 9 78 38 64 71 38 7 34 78 55 34 76 71 32 2 77 78 46 80 52 89 85 86 44 96 12 76 97 38 2 13 3 93 19 20 
1 6 32 54 17 32 37 54 80 95 18 82 80 22 76 99 93 31 66 65 66 79 33 93 5 95 48 29 39 90 18 81 85 90 23 67 33 11 45 80 62 20 81 2 67 80 74 10 0 4 89 70 17 38 2 86 37 43 77 62 39 0 21 94 1 2 22 99 15 70 74 39 15 4 50 46 53 33 14 38 77 98 33 65 18 47 13 9 27 73 65 59 70 22 3 28 61 42 16 94 
12 13 71 1 40 33 78 48 52 75 96 73 62 52 52 0 76 40 79 21 48 90 62 83 22 8 27 88 62 88 83 46 22 15 7 65 78 75 53 38 47 10 65 18 40 42 18 2 90 41 98 25 56 82 17 24 18 50 10 37 88 59 36 46 52 82 39 3 22 66 94 18 75 41 82 64 44 98 97 25 4 64 86 55 1 7 14 64 54 57 47 20 99 17 39 19 18 96 62 53 
4 85 60 47 98 36 92 75 94 26 11 19 26 9 44 11 60 72 71 46 86 64 37 18 85 94 48 3 28 63 89 48 10 64 79 82 61 9 66 21 29 56 3 6 68 83 34 47 90 46 26 8 53 89 95 30 51 11 36 24 87 90 86 53 50 97 33 48 37 44 47 56 43 35 71 15 90 89 61 99 39 8 49 83 75 42 24 23 64 41 75 80 22 71 80 73 16 28 77 81 
51 20 40 62 5 44 10 25 0 79 17 16 6 57 85 55 56 18 22 21 5 6 22 82 5 59 76 95 71 98 86 87 57 3 67 31 42 60 36 99 99 12 11 50 11 42 16 72 96 34 89 49 47 45 18 77 89 52 89 26 72 61 79 5 62 1 78 45 34 26 81 1 17 43 81 60 10 26 67 56 2 53 24 70 15 9 75 40 46 32 74 64 3 20 12 66 9 72 11 20 
97 31 52 9 36 53 44 96 55 27 96 30 69 42 26 36 11 13 56 84 55 20 95 41 87 80 91 65 81 1 46 6 50 22 22 32 5 23 97 48 71 65 64 68 24 73 84 9 18 18 75 38 65 35 97 24 48 78 73 62 29 35 35 4 78 55 20 88 88 57 8 95 19 28 55 60 28 50 96 10 48 48 71 27 59 69 82 20 48 96 15 2 77 76 52 85 52 10 2 63 
24 60 25 64 66 90 20 6 25 93 16 17 31 1 65 62 30 63 69 25 50 94 1 71 17 81 69 84 61 80 75 74 76 58 42 9 9 28 2 60 91 94 29 67 23 16 96 6 63 7 17 99 17 98 76 82 83 93 7 11 10 71 63 84 78 21 31 97 73 79 23 94 27 5 80 22 22 31 79 29 44 62 75 46 47 17 24 35 22 46 34 26 1 42 17 83 8 15 86 56 
56 5 69 93 24 78 96 99 40 25 10 37 12 71 30 88 12 17 26 18 81 15 58 86 39 71 71 29 40 3 58 65 59 87 26 4 11 16 33 93 58 51 15 39 64 28 38 13 27 17 0 75 98 97 40 97 81 63 60 44 48 84 6 54 94 68 91 90 1 49 95 24 10 17 21 13 16 58 62 33 32 83 88 56 40 54 20 68 7 31 34 92 79 0 26 34 85 87 19 44 
2 0 8 97 94 62 48 86 92 19 88 89 74 11 36 37 69 44 98 95 85 55 61 10 87 16 53 18 11 23 60 29 42 74 87 20 72 92 60 95 82 63 8 50 28 66 31 38 53 32 27 33 67 2 46 87 8 48 83 16 94 98 13 61 29 94 54 8 88 62 51 87 81 25 35 1 96 43 81 18 73 54 51 77 12 51 18 84 98 78 21 75 40 65 47 34 30 5 40 34 
17 36 23 60 29 11 99 95 85 65 2 44 51 44 49 2 89 32 78 65 18 59 89 0 45 20 96 38 50 1 73 58 17 51 92 46 96 97 59 39 20 20 18 13 3 54 79 97 23 13 78 24 86 76 11 39 11 64 25 54 58 14 89 98 88 36 10 59 62 24 64 73 92 69 88 98 61 98 81 7 50 34 35 31 15 72 31 59 94 80 86 2 42 87 13 12 26 42 24 84 
14 55 46 61 67 56 21 12 4 48 23 66 1 89 59 62 86 44 30 94 99 61 4 83 29 41 27 40 60 81 90 78 19 34 6 49 48 67 57 73 3 23 14 8 27 73 96 52 68 59 59 65 79 75 91 63 46 98 25 14 13 14 44 71 80 8 3 77 16 12 88 18 97 40 17 29 23 67 46 68 66 24 78 33 41 82 75 60 28 21 43 23 5 28 26 45 17 40 74 67 
20 74 85 59 15 1 28 60 90 90 43 93 96 9 20 57 19 57 73 44 79 55 5 98 35 89 93 97 32 35 59 67 37 70 3 63 4 2 9 31 72 53 65 0 68 80 17 90 74 15 33 45 19 72 20 75 10 39 19 13 81 36 34 90 83 0 93 51 8 8 98 67 28 14 77 93 95 58 81 96 86 79 45 35 5 56 39 7 7 94 17 11 22 99 3 31 61 6 83 96 
45 86 78 59 79 23 87 49 59 69 12 1 74 98 88 7 45 63 99 70 32 87 31 19 88 87 46 57 39 11 5 58 78 90 55 64 97 12 55 23 94 65 51 7 61 60 14 84 6 4 31 98 15 84 40 9 45 10 97 20 52 1 57 22 72 1 40 3 64 35 84 28 34 18 97 61 34 24 97 3 19 57 53 66 44 17 61 11 64 64 30 5 92 83 99 48 27 6 75 85 
25 83 55 71 13 33 9 13 28 10 53 78 41 4 56 30 67 25 42 62 13 27 70 55 35 96 63 98 77 46 42 69 20 67 42 57 0 62 49 54 58 29 33 2 48 9 48 76 58 63 31 65 6 71 11 61 65 80 31 25 26 84 92 11 37 29 56 93 45 35 2 25 99 6 81 37 72 73 39 16 65 44 32 39 21 18 69 17 97 40 14 89 91 8 63 77 23 32 31 83 
42 65 18 69 70 36 15 3 22 50 30 71 97 83 91 64 5 84 33 57 89 42 78 53 95 92 23 75 41 61 52 50 41 58 18 24 97 68 88 36 53 54 4 91 70 57 70 40 13 70 64 9 97 17 17 28 3 0 13 99 99 94 91 71 15 52 32 67 44 31 4 45 0 55 77 55 64 53 67 26 77 20 36 19 79 78 91 70 52 82 46 29 6 30 81 74 57 32 68 24 
22 52 87 86 97 75 88 59 11 82 28 91 39 17 15 68 69 17 67 6 98 22 21 17 59 70 37 15 65 23 69 29 45 58 28 21 59 21 59 5 6 69 7 31 6 70 53 90 68 39 64 15 67 28 78 42 54 47 19 89 46 34 65 14 8 79 60 79 61 19 66 91 68 8 60 77 81 26 53 55 65 44 43 74 51 75 23 18 0 2 71 14 7 0 41 52 58 58 51 14 
